   0x00, # ''
    0, 32, 42, 0, 2, 2,
    0, 32, #  snap_x
    -42, 0, #  snap_y
    'm', 0, 0,
    'l', 0, -42,
    'l', 32, -42,
    'l', 32, 0,
    'l', 0, 0,
    'e',
   0x20, # ' '
    0, 4, 0, 0, 1, 0,
    4, #  snap_x
    #  snap_y
    'e',
   0x21, # '!'
    0, 4, 42, 0, 3, 3,
    0, 2, 4, #  snap_x
    -21, -15, 0, #  snap_y
    'm', 2, -42,
    'l', 2, -14,
    'm', 2, -4,
    'c', 1, -4, 0, -3, 0, -2,
    'c', 0, -1, 1, 0, 2, 0,
    'c', 3, 0, 4, -1, 4, -2,
    'c', 4, -3, 3, -4, 2, -4,
    'e',
   0x22, # '"'
    0, 16, 42, -28, 2, 3,
    0, 16, #  snap_x
    -21, -15, 0, #  snap_y
    'm', 0, -42,
    'l', 0, -28,
    'm', 16, -42,
    'l', 16, -28,
    'e',
   0x23, # '#'
    0, 30, 50, 14, 2, 5,
    0, 30, #  snap_x
    -24, -21, -15, -12, 0, #  snap_y
    'm', 16, -50,
    'l', 2, 14,
    'm', 28, -50,
    'l', 14, 14,
    'm', 2, -24,
    'l', 30, -24,
    'm', 0, -12,
    'l', 28, -12,
    'e',
   0x24, # '$'
    0, 28, 50, 8, 4, 4,
    0, 10, 18, 28, #  snap_x
    -42, -21, -15, 0, #  snap_y
    'm', 10, -50,
    'l', 10, 8,
    'm', 18, -50,
    'l', 18, 8,
    'm', 28, -36,
    'c', 24, -42, 18, -42, 14, -42,
    'c', 10, -42, 0, -42, 0, -34,
    'c', 0, -25, 8, -24, 14, -22,
    'c', 20, -20, 28, -19, 28, -9,
    'c', 28, 0, 18, 0, 14, 0,
    'c', 10, 0, 4, 0, 0, -6,
    'e',
   0x25, # '%'
    0, 36, 42, 0, 4, 7,
    0, 14, 22, 36, #  snap_x
    -42, -38, -28, -21, -15, -14, 0, #  snap_y
    'm', 36, -42,
    'l', 0, 0,
    'm', 10, -42,
    'c', 12, -41, 14, -40, 14, -36,
    'c', 14, -30, 11, -28, 6, -28,
    'c', 2, -28, 0, -30, 0, -34,
    'c', 0, -39, 3, -42, 8, -42,
    'l', 10, -42,
    'c', 18, -37, 28, -37, 36, -42,
    'm', 28, -14,
    'c', 24, -14, 22, -11, 22, -6,
    'c', 22, -2, 24, 0, 28, 0,
    'c', 33, 0, 36, -2, 36, -8,
    'c', 36, -12, 34, -14, 30, -14,
    'l', 28, -14,
    'e',
   0x26, # '&'
    0, 40, 42, 0, 4, 4,
    0, 10, 22, 40, #  snap_x
    -28, -21, -15, 0, #  snap_y
    'm', 40, -25,
    'c', 39, -27, 38, -28, 36, -28,
    'c', 29, -28, 32, 0, 12, 0,
    'c', 2, 0, 0, -7, 0, -10,
    'c', 0, -24, 22, -20, 22, -34,
    'c', 22, -40, 20, -42, 16, -42,
    'c', 13, -42, 10, -41, 10, -34,
    'c', 10, -27, 25, 0, 36, 0,
    'c', 38, 0, 39, -1, 40, -3,
    'e',
   0x27, # '''
    0, 4, 42, -30, 2, 3,
    0, 4, #  snap_x
    -21, -15, 0, #  snap_y
    'm', 4, -40,
    'c', 4, -39, 3, -38, 2, -38,
    'c', 1, -38, 0, -39, 0, -40,
    'c', 0, -41, 1, -42, 2, -42,
    'c', 3, -42, 4, -41, 4, -40,
    'c', 4, -34, 2, -32, 0, -30,
    'e',
   0x28, # '('
    0, 14, 50, 14, 2, 3,
    0, 14, #  snap_x
    -21, -15, 0, #  snap_y
    'm', 14, -50,
    'c', -5, -32, -5, -5, 14, 14,
    'e',
   0x29, # ')'
    0, 14, 50, 14, 2, 3,
    0, 14, #  snap_x
    -21, -15, 0, #  snap_y
    'm', 0, -50,
    'c', 19, -34, 19, -2, 0, 14,
    'e',
   0x2a, # '*'
    0, 20, 30, -6, 3, 3,
    0, 10, 20, #  snap_x
    -21, -15, 0, #  snap_y
    'm', 10, -30,
    'l', 10, -6,
    'm', 0, -24,
    'l', 20, -12,
    'm', 20, -24,
    'l', 0, -12,
    'e',
   0x2b, # '+'
    0, 36, 36, 0, 3, 4,
    0, 18, 36, #  snap_x
    -21, -18, -15, 0, #  snap_y
    'm', 18, -36,
    'l', 18, 0,
    'm', 0, -18,
    'l', 36, -18,
    'e',
   0x2c, # ','
    0, 4, 4, 8, 2, 3,
    0, 4, #  snap_x
    -21, -15, 0, #  snap_y
    'm', 4, -2,
    'c', 4, -1, 3, 0, 2, 0,
    'c', 1, 0, 0, -1, 0, -2,
    'c', 0, -3, 1, -4, 2, -4,
    'c', 3, -4, 4, -3, 4, -2,
    'c', 4, 4, 2, 6, 0, 8,
    'e',
   0x2d, # '-'
    0, 36, 18, -18, 2, 4,
    0, 36, #  snap_x
    -21, -18, -15, 0, #  snap_y
    'm', 0, -18,
    'l', 36, -18,
    'e',
   0x2e, # '.'
    0, 4, 4, 0, 2, 3,
    0, 4, #  snap_x
    -21, -15, 0, #  snap_y
    'm', 2, -4,
    'c', 1, -4, 0, -3, 0, -2,
    'c', 0, -1, 1, 0, 2, 0,
    'c', 3, 0, 4, -1, 4, -2,
    'c', 4, -3, 3, -4, 2, -4,
    'e',
   0x2f, # '/'
    0, 36, 50, 14, 2, 3,
    0, 36, #  snap_x
    -21, -15, 0, #  snap_y
    'm', 36, -50,
    'l', 0, 14,
    'e',
   0x30, # '0'
    0, 28, 42, 0, 2, 4,
    0, 28, #  snap_x
    -42, -21, -15, 0, #  snap_y
    'm', 14, -42,
    'c', 9, -42, 0, -42, 0, -21,
    'c', 0, 0, 9, 0, 14, 0,
    'c', 19, 0, 28, 0, 28, -21,
    'c', 28, -42, 19, -42, 14, -42,
    'e',
   0x31, # '1'
    0, 28, 42, 0, 3, 3,
    0, 17, 28, #  snap_x
    -21, -15, 0, #  snap_y
    'm', 7, -34,
    'c', 11, -35, 15, -38, 17, -42,
    'l', 17, 0,
    'e',
   0x32, # '2'
    0, 28, 42, 0, 4, 4,
    0, 2, 26, 28, #  snap_x
    -42, -21, -15, 0, #  snap_y
    'm', 2, -32,
    'c', 2, -34, 2, -42, 14, -42,
    'c', 26, -42, 26, -34, 26, -32,
    'c', 26, -30, 25, -25, 10, -10,
    'l', 0, 0,
    'l', 28, 0,
    'e',
   0x33, # '3'
    0, 28, 42, 0, 2, 5,
    0, 28, #  snap_x
    -42, -26, -21, -15, 0, #  snap_y
    'm', 4, -42,
    'l', 26, -42,
    'l', 14, -26,
    'c', 21, -26, 28, -26, 28, -14,
    'c', 28, 0, 17, 0, 13, 0,
    'c', 8, 0, 3, -1, 0, -8,
    'e',
   0x34, # '4'
    0, 28, 42, 0, 3, 4,
    0, 20, 30, #  snap_x
    -21, -15, -14, 0, #  snap_y
    'm', 20, 0,
    'l', 20, -42,
    'l', 0, -14,
    'l', 30, -14,
    'e',
   0x35, # '5'
    0, 28, 42, 0, 2, 5,
    0, 28, #  snap_x
    -42, -28, -21, -15, 0, #  snap_y
    'm', 24, -42,
    'l', 4, -42,
    'l', 2, -24,
    'c', 5, -27, 10, -28, 13, -28,
    'c', 16, -28, 28, -28, 28, -14,
    'c', 28, 0, 16, 0, 13, 0,
    'c', 10, 0, 3, 0, 0, -8,
    'e',
   0x36, # '6'
    0, 28, 42, 0, 2, 5,
    0, 26, #  snap_x
    -42, -26, -21, -15, 0, #  snap_y
    'm', 24, -36,
    'c', 22, -41, 19, -42, 14, -42,
    'c', 9, -42, 0, -41, 0, -19,
    'c', 0, -1, 9, 0, 13, 0,
    'c', 18, 0, 26, -3, 26, -13,
    'c', 26, -18, 23, -26, 13, -26,
    'c', 10, -26, 1, -24, 0, -14,
    'e',
   0x37, # '7'
    0, 28, 42, 0, 2, 4,
    0, 28, #  snap_x
    -42, -21, -15, 0, #  snap_y
    'm', 0, -42,
    'l', 28, -42,
    'l', 8, 0,
    'e',
   0x38, # '8'
    0, 28, 42, 0, 4, 4,
    0, 2, 26, 28, #  snap_x
    -42, -21, -15, 0, #  snap_y
    'm', 14, -42,
    'c', 5, -42, 2, -40, 2, -34,
    'c', 2, -18, 28, -32, 28, -11,
    'c', 28, 0, 18, 0, 14, 0,
    'c', 10, 0, 0, 0, 0, -11,
    'c', 0, -32, 26, -18, 26, -34,
    'c', 26, -40, 23, -42, 14, -42,
    'e',
   0x39, # '9'
    0, 28, 42, 0, 2, 5,
    0, 26, #  snap_x
    -42, -21, -16, -15, 0, #  snap_y
    'm', 26, -28,
    'c', 25, -16, 13, -16, 13, -16,
    'c', 8, -16, 0, -19, 0, -29,
    'c', 0, -34, 3, -42, 13, -42,
    'c', 24, -42, 26, -32, 26, -23,
    'c', 26, -14, 24, 0, 12, 0,
    'c', 7, 0, 4, -2, 2, -6,
    'e',
   0x3a, # ':'
    0, 4, 28, 0, 2, 3,
    0, 4, #  snap_x
    -21, -15, 0, #  snap_y
    'm', 2, -28,
    'c', 1, -28, 0, -27, 0, -26,
    'c', 0, -25, 1, -24, 2, -24,
    'c', 3, -24, 4, -25, 4, -26,
    'c', 4, -27, 3, -28, 2, -28,
    'm', 2, -4,
    'c', 1, -4, 0, -3, 0, -2,
    'c', 0, -1, 1, 0, 2, 0,
    'c', 3, 0, 4, -1, 4, -2,
    'c', 4, -3, 3, -4, 2, -4,
    'e',
   0x3b, # ';'
    0, 4, 28, 8, 2, 3,
    0, 4, #  snap_x
    -21, -15, 0, #  snap_y
    'm', 2, -28,
    'c', 1, -28, 0, -27, 0, -26,
    'c', 0, -25, 1, -24, 2, -24,
    'c', 3, -24, 4, -25, 4, -26,
    'c', 4, -27, 3, -28, 2, -28,
    'm', 4, -2,
    'c', 4, -1, 3, 0, 2, 0,
    'c', 1, 0, 0, -1, 0, -2,
    'c', 0, -3, 1, -4, 2, -4,
    'c', 3, -4, 4, -3, 4, -2,
    'c', 4, 3, 2, 6, 0, 8,
    'e',
   0x3c, # '<'
    0, 32, 36, 0, 2, 3,
    0, 32, #  snap_x
    -21, -15, 0, #  snap_y
    'm', 32, -36,
    'l', 0, -18,
    'l', 32, 0,
    'e',
   0x3d, # '='
    0, 36, 24, -12, 2, 5,
    0, 36, #  snap_x
    -24, -21, -15, -12, 0, #  snap_y
    'm', 0, -24,
    'l', 36, -24,
    'm', 0, -12,
    'l', 36, -12,
    'e',
   0x3e, # '>'
    0, 32, 36, 0, 2, 3,
    0, 32, #  snap_x
    -21, -15, 0, #  snap_y
    'm', 0, -36,
    'l', 32, -18,
    'l', 0, 0,
    'e',
   0x3f, # '?'
    0, 24, 42, 0, 3, 4,
    0, 12, 24, #  snap_x
    -42, -21, -15, 0, #  snap_y
    'm', 0, -32,
    'c', 0, -34, 0, -42, 12, -42,
    'c', 24, -42, 24, -34, 24, -32,
    'c', 24, -29, 24, -24, 12, -20,
    'l', 12, -14,
    'm', 12, -4,
    'c', 9, -4, 9, 0, 12, 0,
    'c', 15, 0, 15, -4, 12, -4,
    'e',
   0x40, # '@'
    0, 42, 42, 0, 1, 6,
    30, #  snap_x
    -42, -32, -21, -15, -10, 0, #  snap_y
    'm', 30, -26,
    'c', 28, -31, 24, -32, 21, -32,
    'c', 10, -32, 10, -23, 10, -19,
    'c', 10, -13, 11, -10, 19, -10,
    'c', 30, -10, 28, -21, 30, -32,
    'c', 27, -10, 30, -10, 34, -10,
    'c', 41, -10, 42, -19, 42, -22,
    'c', 42, -34, 34, -42, 21, -42,
    'c', 9, -42, 0, -34, 0, -21,
    'c', 0, -9, 8, 0, 21, 0,
    'c', 30, 0, 34, -3, 36, -6,
    'e',
   0x41, # 'A'
    0, 32, 42, 0, 2, 4,
    0, 32, #  snap_x
    -21, -15, -14, 0, #  snap_y
    'm', 0, 0,
    'l', 16, -42,
    'l', 32, 0,
    'm', 6, -14,
    'l', 26, -14,
    'e',
   0x42, # 'B'
    0, 28, 42, 0, 2, 5,
    0, 28, #  snap_x
    -42, -22, -21, -15, 0, #  snap_y
    'm', 0, 0,
    'l', 0, -42,
    'l', 18, -42,
    'c', 32, -42, 32, -22, 18, -22,
    'm', 0, -22,
    'l', 18, -22,
    'c', 32, -22, 32, 0, 18, 0,
    'l', 0, 0,
    'e',
   0x43, # 'C'
    0, 30, 42, 0, 2, 4,
    0, 30, #  snap_x
    -42, -21, -15, 0, #  snap_y
    'm', 30, -32,
    'c', 26, -42, 21, -42, 16, -42,
    'c', 2, -42, 0, -29, 0, -21,
    'c', 0, -13, 2, 0, 16, 0,
    'c', 21, 0, 26, 0, 30, -10,
    'e',
   0x44, # 'D'
    0, 28, 42, 0, 2, 4,
    0, 28, #  snap_x
    -42, -21, -15, 0, #  snap_y
    'm', 0, 0,
    'l', 0, -42,
    'l', 14, -42,
    'c', 33, -42, 33, 0, 14, 0,
    'l', 0, 0,
    'e',
   0x45, # 'E'
    0, 26, 42, 0, 2, 5,
    0, 26, #  snap_x
    -42, -22, -21, -15, 0, #  snap_y
    'm', 26, -42,
    'l', 0, -42,
    'l', 0, 0,
    'l', 26, 0,
    'm', 0, -22,
    'l', 16, -22,
    'e',
   0x46, # 'F'
    0, 26, 42, 0, 2, 5,
    0, 26, #  snap_x
    -42, -22, -21, -15, 0, #  snap_y
    'm', 26, -42,
    'l', 0, -42,
    'l', 0, 0,
    'm', 0, -22,
    'l', 16, -22,
    'e',
   0x47, # 'G'
    0, 30, 42, 0, 2, 5,
    0, 30, #  snap_x
    -42, -21, -16, -15, 0, #  snap_y
    'm', 30, -32,
    'c', 26, -42, 21, -42, 16, -42,
    'c', 2, -42, 0, -29, 0, -21,
    'c', 0, -13, 2, 0, 16, 0,
    'c', 28, 0, 30, -7, 30, -16,
    'l', 20, -16,
    'e',
   0x48, # 'H'
    0, 28, 42, 0, 2, 4,
    0, 28, #  snap_x
    -22, -21, -15, 0, #  snap_y
    'm', 0, -42,
    'l', 0, 0,
    'm', 28, -42,
    'l', 28, 0,
    'm', 0, -22,
    'l', 28, -22,
    'e',
   0x49, # 'I'
    0, 0, 42, 0, 1, 3,
    0, #  snap_x
    -21, -15, 0, #  snap_y
    'm', 0, -42,
    'l', 0, 0,
    'e',
   0x4a, # 'J'
    0, 20, 42, 0, 2, 3,
    0, 20, #  snap_x
    -21, -15, 0, #  snap_y
    'm', 20, -42,
    'l', 20, -10,
    'c', 20, 3, 0, 3, 0, -10,
    'l', 0, -14,
    'e',
   0x4b, # 'K'
    0, 28, 42, 0, 2, 3,
    0, 28, #  snap_x
    -21, -15, 0, #  snap_y
    'm', 0, -42,
    'l', 0, 0,
    'm', 28, -42,
    'l', 0, -14,
    'm', 10, -24,
    'l', 28, 0,
    'e',
   0x4c, # 'L'
    0, 24, 42, 0, 2, 3,
    0, 24, #  snap_x
    -21, -15, 0, #  snap_y
    'm', 0, -42,
    'l', 0, 0,
    'l', 24, 0,
    'e',
   0x4d, # 'M'
    0, 32, 42, 0, 2, 3,
    0, 32, #  snap_x
    -21, -15, 0, #  snap_y
    'm', 0, 0,
    'l', 0, -42,
    'l', 16, 0,
    'l', 32, -42,
    'l', 32, 0,
    'e',
   0x4e, # 'N'
    0, 28, 42, 0, 2, 3,
    0, 28, #  snap_x
    -21, -15, 0, #  snap_y
    'm', 0, 0,
    'l', 0, -42,
    'l', 28, 0,
    'l', 28, -42,
    'e',
   0x4f, # 'O'
    0, 32, 42, 0, 2, 4,
    0, 32, #  snap_x
    -42, -21, -15, 0, #  snap_y
    'm', 16, -42,
    'c', 2, -42, 0, -29, 0, -21,
    'c', 0, -13, 2, 0, 16, 0,
    'c', 30, 0, 32, -13, 32, -21,
    'c', 32, -29, 30, -42, 16, -42,
    'e',
   0x50, # 'P'
    0, 28, 42, 0, 2, 5,
    0, 28, #  snap_x
    -42, -21, -20, -15, 0, #  snap_y
    'm', 0, 0,
    'l', 0, -42,
    'l', 18, -42,
    'c', 32, -42, 32, -20, 18, -20,
    'l', 0, -20,
    'e',
   0x51, # 'Q'
    0, 32, 42, 4, 2, 4,
    0, 32, #  snap_x
    -42, -21, -15, 0, #  snap_y
    'm', 16, -42,
    'c', 2, -42, 0, -29, 0, -21,
    'c', 0, -13, 2, 0, 16, 0,
    'c', 30, 0, 32, -13, 32, -21,
    'c', 32, -29, 30, -42, 16, -42,
    'm', 18, -8,
    'l', 30, 4,
    'e',
   0x52, # 'R'
    0, 28, 42, 0, 2, 5,
    0, 28, #  snap_x
    -42, -22, -21, -15, 0, #  snap_y
    'm', 0, 0,
    'l', 0, -42,
    'l', 18, -42,
    'c', 32, -42, 31, -22, 18, -22,
    'l', 0, -22,
    'm', 14, -22,
    'l', 28, 0,
    'e',
   0x53, # 'S'
    0, 28, 42, 0, 2, 4,
    0, 28, #  snap_x
    -42, -21, -15, 0, #  snap_y
    'm', 28, -36,
    'c', 25, -41, 21, -42, 14, -42,
    'c', 10, -42, 0, -42, 0, -34,
    'c', 0, -17, 28, -28, 28, -9,
    'c', 28, 0, 19, 0, 14, 0,
    'c', 7, 0, 3, -1, 0, -6,
    'e',
   0x54, # 'T'
    0, 28, 42, 0, 3, 4,
    0, 14, 28, #  snap_x
    -42, -21, -15, 0, #  snap_y
    'm', 14, -42,
    'l', 14, 0,
    'm', 0, -42,
    'l', 28, -42,
    'e',
   0x55, # 'U'
    0, 28, 42, 0, 2, 3,
    0, 28, #  snap_x
    -21, -15, 0, #  snap_y
    'm', 0, -42,
    'l', 0, -12,
    'c', 0, 4, 28, 4, 28, -12,
    'l', 28, -42,
    'e',
   0x56, # 'V'
    0, 32, 42, 0, 2, 3,
    0, 32, #  snap_x
    -21, -15, 0, #  snap_y
    'm', 0, -42,
    'l', 16, 0,
    'l', 32, -42,
    'e',
   0x57, # 'W'
    0, 40, 42, 0, 2, 3,
    0, 40, #  snap_x
    -21, -15, 0, #  snap_y
    'm', 0, -42,
    'l', 10, 0,
    'l', 20, -42,
    'l', 30, 0,
    'l', 40, -42,
    'e',
   0x58, # 'X'
    0, 28, 42, 0, 2, 3,
    0, 28, #  snap_x
    -21, -15, 0, #  snap_y
    'm', 0, -42,
    'l', 28, 0,
    'm', 28, -42,
    'l', 0, 0,
    'e',
   0x59, # 'Y'
    0, 32, 42, 0, 3, 3,
    0, 16, 32, #  snap_x
    -21, -15, 0, #  snap_y
    'm', 0, -42,
    'l', 16, -22,
    'l', 16, 0,
    'm', 32, -42,
    'l', 16, -22,
    'e',
   0x5a, # 'Z'
    0, 28, 42, 0, 2, 4,
    0, 28, #  snap_x
    -42, -21, -15, 0, #  snap_y
    'm', 0, -42,
    'l', 28, -42,
    'l', 0, 0,
    'l', 28, 0,
    'e',
   0x5b, # '['
    0, 14, 44, 0, 2, 4,
    0, 14, #  snap_x
    -44, -21, -15, 0, #  snap_y
    'm', 14, -44,
    'l', 0, -44,
    'l', 0, 0,
    'l', 14, 0,
    'e',
   0x5c, # '\'
    0, 36, 50, 14, 2, 3,
    0, 36, #  snap_x
    -21, -15, 0, #  snap_y
    'm', 0, -50,
    'l', 36, 14,
    'e',
   0x5d, # ']'
    0, 14, 44, 0, 2, 4,
    0, 14, #  snap_x
    -44, -21, -15, 0, #  snap_y
    'm', 0, -44,
    'l', 14, -44,
    'l', 14, 0,
    'l', 0, 0,
    'e',
   0x5e, # '^'
    0, 32, 46, -18, 2, 3,
    0, 32, #  snap_x
    -21, -15, 0, #  snap_y
    'm', 0, -18,
    'l', 16, -46,
    'l', 32, -18,
    'e',
   0x5f, # '_'
    0, 36, 0, 0, 2, 3,
    0, 36, #  snap_x
    -21, -15, 0, #  snap_y
    'm', 0, 0,
    'l', 36, 0,
    'e',
   0x60, # '`'
    0, 4, 42, -30, 2, 3,
    0, 4, #  snap_x
    -21, -15, 0, #  snap_y
    'm', 0, -32,
    'c', 0, -33, 1, -34, 2, -34,
    'c', 3, -34, 4, -33, 4, -32,
    'c', 4, -31, 3, -30, 2, -30,
    'c', 1, -30, 0, -31, 0, -32,
    'c', 0, -38, 2, -40, 4, -42,
    'e',
   0x61, # 'a'
    0, 24, 28, 0, 2, 4,
    0, 24, #  snap_x
    -28, -21, -15, 0, #  snap_y
    'm', 24, -28,
    'l', 24, 0,
    'm', 24, -22,
    'c', 21, -27, 18, -28, 13, -28,
    'c', 2, -28, 0, -19, 0, -14,
    'c', 0, -9, 2, 0, 13, 0,
    'c', 18, 0, 21, -1, 24, -6,
    'e',
   0x62, # 'b'
    0, 24, 42, 0, 2, 4,
    0, 24, #  snap_x
    -28, -21, -15, 0, #  snap_y
    'm', 0, -42,
    'l', 0, 0,
    'm', 0, -22,
    'c', 3, -26, 6, -28, 11, -28,
    'c', 22, -28, 24, -19, 24, -14,
    'c', 24, -9, 22, 0, 11, 0,
    'c', 6, 0, 3, -2, 0, -6,
    'e',
   0x63, # 'c'
    0, 24, 28, 0, 2, 4,
    0, 24, #  snap_x
    -28, -21, -15, 0, #  snap_y
    'm', 24, -22,
    'c', 21, -26, 18, -28, 13, -28,
    'c', 2, -28, 0, -19, 0, -14,
    'c', 0, -9, 2, 0, 13, 0,
    'c', 18, 0, 21, -2, 24, -6,
    'e',
   0x64, # 'd'
    0, 24, 42, 0, 2, 4,
    0, 24, #  snap_x
    -28, -21, -15, 0, #  snap_y
    'm', 24, -42,
    'l', 24, 0,
    'm', 24, -22,
    'c', 21, -26, 18, -28, 13, -28,
    'c', 2, -28, 0, -19, 0, -14,
    'c', 0, -9, 2, 0, 13, 0,
    'c', 18, 0, 21, -2, 24, -6,
    'e',
   0x65, # 'e'
    0, 24, 28, 0, 2, 5,
    0, 24, #  snap_x
    -28, -21, -16, -15, 0, #  snap_y
    'm', 0, -16,
    'l', 24, -16,
    'c', 24, -20, 24, -28, 13, -28,
    'c', 2, -28, 0, -19, 0, -14,
    'c', 0, -9, 2, 0, 13, 0,
    'c', 18, 0, 21, -2, 24, -6,
    'e',
   0x66, # 'f'
    0, 16, 42, 0, 3, 5,
    0, 6, 16, #  snap_x
    -42, -28, -21, -15, 0, #  snap_y
    'm', 16, -42,
    'c', 8, -42, 6, -40, 6, -34,
    'l', 6, 0,
    'm', 0, -28,
    'l', 14, -28,
    'e',
   0x67, # 'g'
    0, 24, 28, 14, 2, 5,
    0, 24, #  snap_x
    -28, -21, -15, 0, 14, #  snap_y
    'm', 24, -28,
    'l', 24, 4,
    'c', 23, 14, 16, 14, 13, 14,
    'c', 10, 14, 8, 14, 6, 12,
    'm', 24, -22,
    'c', 21, -26, 18, -28, 13, -28,
    'c', 2, -28, 0, -19, 0, -14,
    'c', 0, -9, 2, 0, 13, 0,
    'c', 18, 0, 21, -2, 24, -6,
    'e',
   0x68, # 'h'
    0, 22, 42, 0, 2, 4,
    0, 22, #  snap_x
    -28, -21, -15, 0, #  snap_y
    'm', 0, -42,
    'l', 0, 0,
    'm', 0, -20,
    'c', 8, -32, 22, -31, 22, -20,
    'l', 22, 0,
    'e',
   0x69, # 'i'
    0, 4, 44, 0, 3, 3,
    0, 2, 4, #  snap_x
    -21, -15, 0, #  snap_y
    'm', 0, -42,
    'c', 0, -39, 4, -39, 4, -42,
    'c', 4, -45, 0, -45, 0, -42,
    'm', 2, -28,
    'l', 2, 0,
    'e',
   0x6a, # 'j'
    -8, 4, 44, 14, 3, 4,
    0, 2, 4, #  snap_x
    -21, -15, 0, 14, #  snap_y
    'm', 0, -42,
    'c', 0, -39, 4, -39, 4, -42,
    'c', 4, -45, 0, -45, 0, -42,
    'm', 2, -28,
    'l', 2, 6,
    'c', 2, 13, -1, 14, -8, 14,
    'e',
   0x6b, # 'k'
    0, 22, 42, 0, 2, 3,
    0, 22, #  snap_x
    -21, -15, 0, #  snap_y
    'm', 0, -42,
    'l', 0, 0,
    'm', 20, -28,
    'l', 0, -8,
    'm', 8, -16,
    'l', 22, 0,
    'e',
   0x6c, # 'l'
    0, 0, 42, 0, 1, 3,
    0, #  snap_x
    -21, -15, 0, #  snap_y
    'm', 0, -42,
    'l', 0, 0,
    'e',
   0x6d, # 'm'
    0, 44, 28, 0, 3, 4,
    0, 22, 44, #  snap_x
    -28, -21, -15, 0, #  snap_y
    'm', 0, -28,
    'l', 0, 0,
    'm', 0, -20,
    'c', 5, -29, 22, -33, 22, -20,
    'l', 22, 0,
    'm', 22, -20,
    'c', 27, -29, 44, -33, 44, -20,
    'l', 44, 0,
    'e',
   0x6e, # 'n'
    0, 22, 28, 0, 2, 4,
    0, 22, #  snap_x
    -28, -21, -15, 0, #  snap_y
    'm', 0, -28,
    'l', 0, 0,
    'm', 0, -20,
    'c', 4, -28, 22, -34, 22, -20,
    'l', 22, 0,
    'e',
   0x6f, # 'o'
    0, 26, 28, 0, 2, 4,
    0, 26, #  snap_x
    -28, -21, -15, 0, #  snap_y
    'm', 13, -28,
    'c', 2, -28, 0, -19, 0, -14,
    'c', 0, -9, 2, 0, 13, 0,
    'c', 24, 0, 26, -9, 26, -14,
    'c', 26, -19, 24, -28, 13, -28,
    'e',
   0x70, # 'p'
    0, 24, 28, 14, 2, 4,
    0, 24, #  snap_x
    -28, -21, -15, 0, #  snap_y
    'm', 0, -28,
    'l', 0, 14,
    'm', 0, -22,
    'c', 3, -26, 6, -28, 11, -28,
    'c', 22, -28, 24, -19, 24, -14,
    'c', 24, -9, 22, 0, 11, 0,
    'c', 6, 0, 3, -2, 0, -6,
    'e',
   0x71, # 'q'
    0, 24, 28, 14, 2, 4,
    0, 24, #  snap_x
    -28, -21, -15, 0, #  snap_y
    'm', 24, -28,
    'l', 24, 14,
    'm', 24, -22,
    'c', 21, -26, 18, -28, 13, -28,
    'c', 2, -28, 0, -19, 0, -14,
    'c', 0, -9, 2, 0, 13, 0,
    'c', 18, 0, 21, -2, 24, -6,
    'e',
   0x72, # 'r'
    0, 16, 28, 0, 2, 4,
    0, 16, #  snap_x
    -28, -21, -15, 0, #  snap_y
    'm', 0, -28,
    'l', 0, 0,
    'm', 0, -16,
    'c', 2, -27, 7, -28, 16, -28,
    'e',
   0x73, # 's'
    0, 22, 28, 0, 2, 4,
    0, 22, #  snap_x
    -28, -21, -15, 0, #  snap_y
    'm', 22, -22,
    'c', 22, -27, 16, -28, 11, -28,
    'c', 4, -28, 0, -26, 0, -22,
    'c', 0, -11, 22, -20, 22, -7,
    'c', 22, 0, 17, 0, 11, 0,
    'c', 6, 0, 0, -1, 0, -6,
    'e',
   0x74, # 't'
    0, 16, 42, 0, 3, 4,
    0, 6, 16, #  snap_x
    -28, -21, -15, 0, #  snap_y
    'm', 6, -42,
    'l', 6, -8,
    'c', 6, -2, 8, 0, 16, 0,
    'm', 0, -28,
    'l', 14, -28,
    'e',
   0x75, # 'u'
    0, 22, 28, 0, 2, 3,
    0, 22, #  snap_x
    -21, -15, 0, #  snap_y
    'm', 0, -28,
    'l', 0, -8,
    'c', 0, 6, 18, 0, 22, -8,
    'm', 22, -28,
    'l', 22, 0,
    'e',
   0x76, # 'v'
    0, 24, 28, 0, 2, 3,
    0, 24, #  snap_x
    -21, -15, 0, #  snap_y
    'm', 0, -28,
    'l', 12, 0,
    'l', 24, -28,
    'e',
   0x77, # 'w'
    0, 32, 28, 0, 2, 3,
    0, 32, #  snap_x
    -21, -15, 0, #  snap_y
    'm', 0, -28,
    'l', 8, 0,
    'l', 16, -28,
    'l', 24, 0,
    'l', 32, -28,
    'e',
   0x78, # 'x'
    0, 22, 28, 0, 2, 3,
    0, 22, #  snap_x
    -21, -15, 0, #  snap_y
    'm', 0, -28,
    'l', 22, 0,
    'm', 22, -28,
    'l', 0, 0,
    'e',
   0x79, # 'y'
    -2, 24, 28, 14, 2, 4,
    0, 24, #  snap_x
    -21, -15, 0, 14, #  snap_y
    'm', 0, -28,
    'l', 12, 0,
    'm', 24, -28,
    'l', 12, 0,
    'c', 6, 13, 0, 14, -2, 14,
    'e',
   0x7a, # 'z'
    0, 22, 28, 0, 2, 4,
    0, 22, #  snap_x
    -28, -21, -15, 0, #  snap_y
    'm', 0, -28,
    'l', 22, -28,
    'l', 0, 0,
    'l', 22, 0,
    'e',
   0x7b, # '{'
    0, 16, 44, 0, 3, 5,
    0, 6, 16, #  snap_x
    -44, -24, -21, -15, 0, #  snap_y
    'm', 16, -44,
    'c', 10, -44, 6, -42, 6, -36,
    'l', 6, -22,
    'l', 0, -22,
    'l', 6, -22,
    'l', 6, -8,
    'c', 6, -2, 10, 0, 16, 0,
    'e',
   0x7c, # '|'
    0, 0, 50, 14, 1, 3,
    0, #  snap_x
    -21, -15, 0, #  snap_y
    'm', 0, -50,
    'l', 0, 14,
    'e',
   0x7d, # '}'
    0, 16, 44, 0, 3, 5,
    0, 10, 16, #  snap_x
    -44, -24, -21, -15, 0, #  snap_y
    'm', 0, -44,
    'c', 6, -44, 10, -42, 10, -36,
    'l', 10, -22,
    'l', 16, -22,
    'l', 10, -22,
    'l', 10, -8,
    'c', 10, -2, 6, 0, 0, 0,
    'e',
   0x7e, # '~'
    0, 36, 23, -12, 2, 5,
    0, 36, #  snap_x
    -24, -21, -15, -12, 0, #  snap_y
    'm', 0, -15,
    'c', 14, -40, 23, 5, 36, -20,
    'e',
   0xa0, # ' '
    0, 4, 0, 0, 1, 0,
    4, #  snap_x
    #  snap_y
    'e',
   0xa1, # '¡'
    0, 4, 42, 0, 3, 3,
    0, 2, 4, #  snap_x
    -21, -15, 0, #  snap_y
    'm', 2, -28,
    'l', 2, 0,
    'm', 2, -38,
    'c', 1, -38, 0, -39, 0, -40,
    'c', 0, -41, 1, -42, 2, -42,
    'c', 3, -42, 4, -41, 4, -40,
    'c', 4, -39, 3, -38, 2, -38,
    'e',
   0xa2, # '¢'
    0, 24, 32, 4, 3, 4,
    0, 13, 24, #  snap_x
    -28, -21, -15, 0, #  snap_y
    'm', 24, -22,
    'c', 21, -26, 18, -28, 13, -28,
    'c', 2, -28, 0, -19, 0, -14,
    'c', 0, -9, 2, 0, 13, 0,
    'c', 18, 0, 21, -2, 24, -6,
    'm', 13, -32,
    'l', 13, 4,
    'e',
   0xa3, # '£'
    0, 20, 39, 0, 3, 3,
    0, 6, 20, #  snap_x
    -42, -16, 0, #  snap_y
    'm', 18, -34,
    'c', 12, -41, 6, -39, 6, -34,
    'l', 6, 0,
    'm', 0, -16,
    'l', 14, -16,
    'm', 0, 0,
    'l', 20, 0,
    'e',
   0xa4, # '¤'
    0, 16, 28, -12, 2, 2,
    2, 14, #  snap_x
    -26, -14, #  snap_y
    'm', 8, -26,
    'c', 4, -26, 2, -24, 2, -20,
    'c', 2, -16, 4, -14, 8, -14,
    'c', 12, -14, 14, -16, 14, -20,
    'c', 14, -24, 12, -26, 8, -26,
    'm', 0, -28,
    'l', 3, -25,
    'm', 16, -28,
    'l', 13, -25,
    'm', 0, -12,
    'l', 3, -15,
    'm', 16, -12,
    'l', 13, -15,
    'e',
   0xa5, # '¥'
    0, 32, 42, 0, 3, 5,
    0, 16, 32, #  snap_x
    -26, -21, -18, -15, 0, #  snap_y
    'm', 0, -42,
    'l', 16, -22,
    'l', 16, 0,
    'm', 32, -42,
    'l', 16, -22,
    'm', 4, -26,
    'l', 28, -26,
    'm', 4, -18,
    'l', 28, -18,
    'e',
   0xa6, # '¦'
    0, 0, 50, 14, 1, 3,
    0, #  snap_x
    -21, -15, 0, #  snap_y
    'm', 0, -50,
    'l', 0, -22,
    'm', 0, -14,
    'l', 0, 14,
    'e',
   0xa7, # '§'
    0, 19, 43, 0, 4, 2,
    0, 3, 22, 25, #  snap_x
    -43, 0, #  snap_y
    'm', 11, -28,
    'c', 4, -28, 0, -26, 0, -22,
    'c', 0, -13, 17, -16, 17, -7,
    'c', 17, -3, 13, 1, 4, -2,
    'm', 8, -15,
    'c', 15, -15, 19, -17, 19, -21,
    'c', 19, -30, 2, -27, 2, -36,
    'c', 2, -40, 6, -44, 15, -41,
    'e',
   0xa8, # '¨'
    0, 12, 42, -38, 4, 2,
    0, 4, 8, 12, #  snap_x
    -38, -42, #  snap_y
    'm', 2, -38,
    'c', 1, -38, 0, -39, 0, -40,
    'c', 0, -41, 1, -42, 2, -42,
    'c', 3, -42, 4, -41, 4, -40,
    'c', 4, -39, 3, -38, 2, -38,
    'm', 10, -38,
    'c', 9, -38, 8, -39, 8, -40,
    'c', 8, -41, 9, -42, 10, -42,
    'c', 11, -42, 12, -41, 12, -40,
    'c', 12, -39, 11, -38, 10, -38,
    'e',
   0xa9, # '©'
    0, 30, 30, 0, 2, 4,
    0, 24, #  snap_x
    -28, -21, -15, 0, #  snap_y
    'm', 15, -30,
    'c', 6, -30, 0, -24, 0, -15,
    'c', 0, -6, 6, 0, 15, 0,
    'c', 24, 0, 30, -6, 30, -15,
    'c', 30, -24, 24, -30, 15, -30,
    'm', 22, -22,
    'c', 21, -23, 19, -25, 15, -25,
    'c', 7, -25, 5, -18, 5, -15,
    'c', 5, -11, 7, -5, 15, -5,
    'c', 19, -5, 21, -7, 22, -8,
    'e',
   0xaa, # 'ª'
    0, 12, 42, -24, 2, 3,
    0, 16, #  snap_x
    -42, -23, -20, #  snap_y
    'm', 12, -42,
    'l', 12, -28,
    'm', 12, -39,
    'c', 11, -41, 9, -42, 7, -42,
    'c', 1, -42, 0, -37, 0, -35,
    'c', 0, -32, 1, -28, 7, -28,
    'c', 9, -28, 11, -28, 12, -31,
    'm', 1, -24,
    'l', 12, -24,
    'e',
   0xab, # '«'
    0, 26, 28, -2, 2, 3,
    0, 28, #  snap_x
    -28, -15, -2, #  snap_y
    'm', 16, -28,
    'l', 0, -15,
    'l', 16, -2,
    'm', 26, -28,
    'l', 10, -15,
    'l', 26, -2,
    'e',
   0xac, # '¬'
    0, 36, 24, -12, 2, 1,
    0, 36, #  snap_x
    -24, #  snap_y
    'm', 0, -24,
    'l', 36, -24,
    'l', 36, -12,
    'e',
   0xad, # '­'
    0, 0, 0, 0, 1, 0,
    4, #  snap_x
    #  snap_y
    'e',
   0xae, # '®'
    0, 30, 30, 0, 3, 4,
    0, 9, 24, #  snap_x
    -28, -25, -15, 0, #  snap_y
    'm', 15, -30,
    'c', 6, -30, 0, -24, 0, -15,
    'c', 0, -6, 6, 0, 15, 0,
    'c', 24, 0, 30, -6, 30, -15,
    'c', 30, -24, 24, -30, 15, -30,
    'm', 9, -5,
    'l', 9, -25,
    'l', 18, -25,
    'c', 24, -25, 24, -15, 18, -15,
    'l', 9, -15,
    'm', 16, -15,
    'l', 22, -5,
    'e',
   0xaf, # '¯'
    0, 36, 43, -43, 2, 1,
    0, 36, #  snap_x
    -43, #  snap_y
    'm', 0, -43,
    'l', 36, -43,
    'e',
   0xb0, # '°'
    0, 12, 42, -30, 2, 2,
    0, 12, #  snap_x
    -30, -42, #  snap_y
    'm', 6, -30,
    'c', 2, -30, 0, -32, 0, -36,
    'c', 0, -40, 2, -42, 6, -42,
    'c', 10, -42, 12, -40, 12, -36,
    'c', 12, -32, 10, -30, 6, -30,
    'e',
   0xb1, # '±'
    0, 36, 36, -6, 3, 2,
    0, 18, 36, #  snap_x
    -21, 0, #  snap_y
    'm', 18, -36,
    'l', 18, -12,
    'm', 0, -24,
    'l', 36, -24,
    'm', 0, -6,
    'l', 36, -6,
    'e',
   0xb2, # '²'
    0, 14, 42, -21, 4, 4,
    0, 2, 26, 28, #  snap_x
    -42, -21, -15, 0, #  snap_y
    'm', 1, -37,
    'c', 1, -38, 1, -42, 7, -42,
    'c', 13, -42, 13, -38, 13, -37,
    'c', 13, -36, 13, -33, 5, -26,
    'l', 0, -21,
    'l', 14, -21,
    'e',
   0xb3, # '³'
    0, 14, 42, -21, 2, 5,
    0, 28, #  snap_x
    -42, -26, -21, -15, 0, #  snap_y
    'm', 2, -42,
    'l', 13, -42,
    'l', 7, -34,
    'c', 11, -34, 14, -34, 14, -28,
    'c', 14, -21, 9, -21, 7, -21,
    'c', 4, -21, 2, -21, 0, -25,
    'e',
   0xb4, # '´'
    0, 5, 42, -37, 2, 4,
    0, 24, #  snap_x
    -42, -21, -15, 0, #  snap_y
    'm', 0, -37,
    'l', 5, -42,
    'e',
   0xb5, # 'µ'
    0, 24, 28, 5, 2, 4,
    0, 24, #  snap_x
    -42, -21, -15, 0, #  snap_y
    'm', 0, 5,
    'l', 0, -28,
    'l', 0, -9,
    'c', 0, 6, 18, 0, 22, -8,
    'm', 22, -28,
    'l', 22, -8,
    'c', 22, -2, 23, -1, 24, 0,
    'e',
   0xb6, # '¶'
    0, 27, 42, 0, 2, 4,
    0, 24, #  snap_x
    -42, -21, -15, 0, #  snap_y
    'm', 27, 0,
    'l', 27, -42,
    'l', 9, -42,
    'c', -4, -42, -4, -20, 9, -20,
    'l', 23, -20,
    'm', 23, -42,
    'l', 23, 0,
    'e',
   0xb7, # '·'
    0, 10, 23, -19, 2, 4,
    0, 24, #  snap_x
    -42, -21, -15, 0, #  snap_y
    'm', 5, -23,
    'c', 4, -23, 3, -22, 3, -21,
    'c', 3, -20, 4, -19, 5, -19,
    'c', 6, -19, 7, -20, 7, -21,
    'c', 7, -22, 6, -23, 5, -23,
    'e',
   0xb8, # '¸'
    0, 24, 0, 4, 2, 4,
    0, 24, #  snap_x
    -42, -21, -15, 0, #  snap_y
    'm', 15, 0,
    'c', 17, 2, 15, 8, 8, 5,
    'e',
   0xb9, # '¹'
    0, 14, 42, -21, 2, 4,
    0, 24, #  snap_x
    -42, -21, -15, 0, #  snap_y
    'm', 4, -38,
    'm', 4, -38,
    'c', 6, -38, 8, -40, 9, -42,
    'l', 9, -21,
    'e',
   0xba, # 'º'
    0, 13, 42, -24, 2, 4,
    0, 24, #  snap_x
    -42, -21, -15, 0, #  snap_y
    'm', 0, -24,
    'l', 13, -24,
    'm', 7, -42,
    'c', 1, -42, 0, -37, 0, -35,
    'c', 0, -32, 1, -28, 7, -28,
    'c', 12, -28, 13, -32, 13, -35,
    'c', 13, -37, 12, -42, 7, -42,
    'e',
   0xbb, # '»'
    0, 26, 28, -2, 2, 4,
    0, 24, #  snap_x
    -42, -21, -15, 0, #  snap_y
    'm', 0, -2,
    'l', 16, -15,
    'l', 0, -28,
    'm', 10, -28,
    'l', 26, -15,
    'l', 10, -2,
    'e',
   0xbc, # '¼'
    0, 36, 42, 0, 2, 4,
    0, 24, #  snap_x
    -42, -21, -15, 0, #  snap_y
    'm', 5, -39,
    'c', 7, -39, 9, -40, 10, -42,
    'l', 10, -21,
    'm', 4, 0,
    'l', 32, -42,
    'm', 30, 0,
    'l', 30, -21,
    'l', 20, -7,
    'l', 36, -7,
    'e',
   0xbd, # '½'
    0, 36, 42, 0, 2, 4,
    0, 24, #  snap_x
    -42, -21, -15, 0, #  snap_y
    'm', 23, -16,
    'c', 23, -17, 23, -21, 29, -21,
    'c', 35, -21, 35, -17, 35, -16,
    'c', 35, -15, 35, -13, 27, -5,
    'l', 22, 0,
    'l', 36, 0,
    'm', 5, -39,
    'c', 7, -39, 9, -40, 10, -42,
    'l', 10, -21,
    'm', 4, 0,
    'l', 32, -42,
    'e',
   0xbe, # '¾'
    0, 36, 42, 0, 2, 4,
    0, 24, #  snap_x
    -42, -21, -15, 0, #  snap_y
    'm', 2, -42,
    'l', 13, -42,
    'l', 7, -34,
    'c', 11, -34, 14, -34, 14, -28,
    'c', 14, -21, 8, -21, 7, -21,
    'c', 4, -21, 2, -22, 0, -25,
    'm', 4, 0,
    'l', 32, -42,
    'm', 29, 0,
    'l', 29, -21,
    'l', 19, -7,
    'l', 34, -7,
    'e',
   0xbf, # '¿'
    0, 24, 42, 0, 2, 4,
    0, 24, #  snap_x
    -42, -21, -15, 0, #  snap_y
    'm', 0, -10,
    'c', 0, -8, 0, 0, 12, 0,
    'c', 24, 0, 24, -8, 24, -10,
    'c', 24, -13, 24, -18, 12, -22,
    'l', 12, -28,
    'm', 12, -38,
    'c', 9, -38, 9, -42, 12, -42,
    'c', 15, -42, 15, -38, 12, -38,
    'e',
   0xc0, # 'À'
    0, 32, 50, 0, 2, 4,
    0, 24, #  snap_x
    -42, -21, -15, 0, #  snap_y
    'm', 0, 0,
    'l', 16, -42,
    'l', 32, 0,
    'm', 6, -14,
    'l', 26, -14,
    'm', 22, -45,
    'l', 10, -50,
    'e',
   0xc1, # 'Á'
    0, 32, 50, 0, 2, 4,
    0, 24, #  snap_x
    -42, -21, -15, 0, #  snap_y
    'm', 0, 0,
    'l', 16, -42,
    'l', 32, 0,
    'm', 6, -14,
    'l', 26, -14,
    'm', 10, -45,
    'l', 22, -50,
    'e',
   0xc2, # 'Â'
    0, 32, 50, 0, 2, 4,
    0, 24, #  snap_x
    -42, -21, -15, 0, #  snap_y
    'm', 0, 0,
    'l', 16, -42,
    'l', 32, 0,
    'm', 6, -14,
    'l', 26, -14,
    'm', 10, -45,
    'l', 16, -50,
    'l', 22, -45,
    'e',
   0xc3, # 'Ã'
    0, 32, 50, 0, 2, 4,
    0, 24, #  snap_x
    -42, -21, -15, 0, #  snap_y
    'm', 0, 0,
    'l', 16, -42,
    'l', 32, 0,
    'm', 6, -14,
    'l', 26, -14,
    'm', 8, -46,
    'c', 14, -57, 18, -37, 24, -48,
    'e',
   0xc4, # 'Ä'
    0, 32, 49, 0, 2, 4,
    0, 24, #  snap_x
    -42, -21, -15, 0, #  snap_y
    'm', 0, 0,
    'l', 16, -42,
    'l', 32, 0,
    'm', 6, -14,
    'l', 26, -14,
    'm', 12, -45,
    'c', 11, -45, 10, -46, 10, -47,
    'c', 10, -48, 11, -49, 12, -49,
    'c', 13, -49, 14, -48, 14, -47,
    'c', 14, -46, 13, -45, 12, -45,
    'm', 20, -45,
    'c', 19, -45, 18, -46, 18, -47,
    'c', 18, -48, 19, -49, 20, -49,
    'c', 21, -49, 22, -48, 22, -47,
    'c', 22, -46, 21, -45, 20, -45,
    'e',
   0xc5, # 'Å'
    0, 32, 48, 0, 2, 4,
    0, 24, #  snap_x
    -42, -21, -15, 0, #  snap_y
    'm', 16, -42,
    'c', 14, -42, 13, -43, 13, -45,
    'c', 13, -47, 14, -48, 16, -48,
    'c', 18, -48, 19, -47, 19, -45,
    'c', 19, -43, 18, -42, 16, -42,
    'm', 0, 0,
    'l', 16, -42,
    'l', 32, 0,
    'm', 6, -14,
    'l', 26, -14,
    'e',
   0xc6, # 'Æ'
    0, 44, 42, 0, 2, 4,
    0, 24, #  snap_x
    -42, -21, -15, 0, #  snap_y
    'm', 18, -42,
    'l', 18, 0,
    'l', 44, 0,
    'm', 18, -22,
    'l', 34, -22,
    'm', 0, 0,
    'l', 16, -42,
    'l', 44, -42,
    'm', 6, -14,
    'l', 18, -14,
    'e',
   0xc7, # 'Ç'
    0, 30, 42, 6, 2, 4,
    0, 24, #  snap_x
    -42, -21, -15, 0, #  snap_y
    'm', 30, -32,
    'c', 26, -42, 21, -42, 16, -42,
    'c', 2, -42, 0, -29, 0, -21,
    'c', 0, -13, 2, 0, 16, 0,
    'c', 21, 0, 26, 0, 30, -10,
    'm', 18, 0,
    'c', 20, 2, 18, 8, 11, 5,
    'e',
   0xc8, # 'È'
    0, 26, 50, 0, 2, 4,
    0, 24, #  snap_x
    -42, -21, -15, 0, #  snap_y
    'm', 26, -42,
    'l', 0, -42,
    'l', 0, 0,
    'l', 26, 0,
    'm', 0, -22,
    'l', 16, -22,
    'm', 19, -45,
    'l', 7, -50,
    'e',
   0xc9, # 'É'
    0, 26, 50, 0, 2, 4,
    0, 24, #  snap_x
    -42, -21, -15, 0, #  snap_y
    'm', 26, -42,
    'l', 0, -42,
    'l', 0, 0,
    'l', 26, 0,
    'm', 0, -22,
    'l', 16, -22,
    'm', 7, -45,
    'l', 19, -50,
    'e',
   0xca, # 'Ê'
    0, 26, 50, 0, 2, 4,
    0, 24, #  snap_x
    -42, -21, -15, 0, #  snap_y
    'm', 26, -42,
    'l', 0, -42,
    'l', 0, 0,
    'l', 26, 0,
    'm', 0, -22,
    'l', 16, -22,
    'm', 7, -45,
    'l', 13, -50,
    'l', 19, -45,
    'e',
   0xcb, # 'Ë'
    0, 26, 49, 0, 2, 4,
    0, 24, #  snap_x
    -42, -21, -15, 0, #  snap_y
    'm', 26, -42,
    'l', 0, -42,
    'l', 0, 0,
    'l', 26, 0,
    'm', 0, -22,
    'l', 16, -22,
    'm', 9, -45,
    'c', 8, -45, 7, -46, 7, -47,
    'c', 7, -48, 8, -49, 9, -49,
    'c', 10, -49, 11, -48, 11, -47,
    'c', 11, -46, 10, -45, 9, -45,
    'm', 17, -45,
    'c', 16, -45, 15, -46, 15, -47,
    'c', 15, -48, 16, -49, 17, -49,
    'c', 18, -49, 19, -48, 19, -47,
    'c', 19, -46, 18, -45, 17, -45,
    'e',
   0xcc, # 'Ì'
    -12, 0, 50, 0, 2, 4,
    0, 24, #  snap_x
    -42, -21, -15, 0, #  snap_y
    'm', 0, -42,
    'l', 0, 0,
    'm', 0, -45,
    'l', -12, -50,
    'e',
   0xcd, # 'Í'
    0, 0, 50, 0, 2, 4,
    0, 24, #  snap_x
    -42, -21, -15, 0, #  snap_y
    'm', 0, -42,
    'l', 0, 0,
    'm', 0, -45,
    'l', 12, -50,
    'e',
   0xce, # 'Î'
    0, 0, 50, 0, 2, 4,
    0, 24, #  snap_x
    -42, -21, -15, 0, #  snap_y
    'm', 0, -42,
    'l', 0, 0,
    'm', -6, -45,
    'l', 0, -50,
    'l', 6, -45,
    'e',
   0xcf, # 'Ï'
    0, 0, 49, 0, 2, 4,
    0, 24, #  snap_x
    -42, -21, -15, 0, #  snap_y
    'm', 0, -42,
    'l', 0, 0,
    'm', -4, -45,
    'c', -5, -45, -6, -46, -6, -47,
    'c', -6, -48, -5, -49, -4, -49,
    'c', -3, -49, -2, -48, -2, -47,
    'c', -2, -46, -3, -45, -4, -45,
    'm', 4, -45,
    'c', 3, -45, 2, -46, 2, -47,
    'c', 2, -48, 3, -49, 4, -49,
    'c', 5, -49, 6, -48, 6, -47,
    'c', 6, -46, 5, -45, 4, -45,
    'e',
   0xd0, # 'Ð'
    0, 37, 42, 0, 2, 4,
    0, 24, #  snap_x
    -42, -21, -15, 0, #  snap_y
    'm', 9, 0,
    'l', 9, -42,
    'l', 23, -42,
    'c', 42, -42, 42, 0, 23, 0,
    'l', 9, 0,
    'm', 0, -21,
    'l', 18, -21,
    'e',
   0xd1, # 'Ñ'
    0, 28, 50, 0, 2, 4,
    0, 24, #  snap_x
    -42, -21, -15, 0, #  snap_y
    'm', 0, 0,
    'l', 0, -42,
    'l', 28, 0,
    'l', 28, -42,
    'm', 6, -46,
    'c', 12, -57, 16, -37, 22, -48,
    'e',
   0xd2, # 'Ò'
    0, 32, 50, 0, 2, 4,
    0, 24, #  snap_x
    -42, -21, -15, 0, #  snap_y
    'm', 16, -42,
    'c', 2, -42, 0, -29, 0, -21,
    'c', 0, -13, 2, 0, 16, 0,
    'c', 30, 0, 32, -13, 32, -21,
    'c', 32, -29, 30, -42, 16, -42,
    'm', 22, -45,
    'l', 10, -50,
    'e',
   0xd3, # 'Ó'
    0, 32, 50, 0, 2, 4,
    0, 24, #  snap_x
    -42, -21, -15, 0, #  snap_y
    'm', 16, -42,
    'c', 2, -42, 0, -29, 0, -21,
    'c', 0, -13, 2, 0, 16, 0,
    'c', 30, 0, 32, -13, 32, -21,
    'c', 32, -29, 30, -42, 16, -42,
    'm', 10, -45,
    'l', 22, -50,
    'e',
   0xd4, # 'Ô'
    0, 32, 50, 0, 2, 4,
    0, 24, #  snap_x
    -42, -21, -15, 0, #  snap_y
    'm', 16, -42,
    'c', 2, -42, 0, -29, 0, -21,
    'c', 0, -13, 2, 0, 16, 0,
    'c', 30, 0, 32, -13, 32, -21,
    'c', 32, -29, 30, -42, 16, -42,
    'm', 10, -45,
    'l', 16, -50,
    'l', 22, -45,
    'e',
   0xd5, # 'Õ'
    0, 32, 50, 0, 2, 4,
    0, 24, #  snap_x
    -42, -21, -15, 0, #  snap_y
    'm', 16, -42,
    'c', 2, -42, 0, -29, 0, -21,
    'c', 0, -13, 2, 0, 16, 0,
    'c', 30, 0, 32, -13, 32, -21,
    'c', 32, -29, 30, -42, 16, -42,
    'm', 8, -46,
    'c', 14, -57, 18, -37, 24, -48,
    'e',
   0xd6, # 'Ö'
    0, 32, 49, 0, 2, 4,
    0, 24, #  snap_x
    -42, -21, -15, 0, #  snap_y
    'm', 16, -42,
    'c', 2, -42, 0, -29, 0, -21,
    'c', 0, -13, 2, 0, 16, 0,
    'c', 30, 0, 32, -13, 32, -21,
    'c', 32, -29, 30, -42, 16, -42,
    'm', 12, -45,
    'c', 11, -45, 10, -46, 10, -47,
    'c', 10, -48, 11, -49, 12, -49,
    'c', 13, -49, 14, -48, 14, -47,
    'c', 14, -46, 13, -45, 12, -45,
    'm', 20, -45,
    'c', 19, -45, 18, -46, 18, -47,
    'c', 18, -48, 19, -49, 20, -49,
    'c', 21, -49, 22, -48, 22, -47,
    'c', 22, -46, 21, -45, 20, -45,
    'e',
   0xd7, # '×'
    0, 27, 34, -7, 2, 4,
    0, 24, #  snap_x
    -42, -21, -15, 0, #  snap_y
    'm', 0, -34,
    'l', 27, -7,
    'm', 0, -7,
    'l', 27, -34,
    'e',
   0xd8, # 'Ø'
    0, 32, 44, 2, 2, 4,
    0, 24, #  snap_x
    -42, -21, -15, 0, #  snap_y
    'm', 16, -42,
    'c', 2, -42, 0, -29, 0, -21,
    'c', 0, -13, 2, 0, 16, 0,
    'c', 30, 0, 32, -13, 32, -21,
    'c', 32, -29, 30, -42, 16, -42,
    'm', 34, -44,
    'l', -2, 2,
    'e',
   0xd9, # 'Ù'
    0, 28, 50, 0, 2, 4,
    0, 24, #  snap_x
    -42, -21, -15, 0, #  snap_y
    'm', 0, -42,
    'l', 0, -12,
    'c', 0, 4, 28, 4, 28, -12,
    'l', 28, -42,
    'm', 20, -45,
    'l', 8, -50,
    'e',
   0xda, # 'Ú'
    0, 28, 50, 0, 2, 4,
    0, 24, #  snap_x
    -42, -21, -15, 0, #  snap_y
    'm', 0, -42,
    'l', 0, -12,
    'c', 0, 4, 28, 4, 28, -12,
    'l', 28, -42,
    'm', 8, -45,
    'l', 20, -50,
    'e',
   0xdb, # 'Û'
    0, 28, 50, 0, 2, 4,
    0, 24, #  snap_x
    -42, -21, -15, 0, #  snap_y
    'm', 0, -42,
    'l', 0, -12,
    'c', 0, 4, 28, 4, 28, -12,
    'l', 28, -42,
    'm', 8, -45,
    'l', 14, -50,
    'l', 20, -45,
    'e',
   0xdc, # 'Ü'
    0, 28, 49, 0, 2, 4,
    0, 24, #  snap_x
    -42, -21, -15, 0, #  snap_y
    'm', 0, -42,
    'l', 0, -12,
    'c', 0, 4, 28, 4, 28, -12,
    'l', 28, -42,
    'm', 10, -45,
    'c', 9, -45, 8, -46, 8, -47,
    'c', 8, -48, 9, -49, 10, -49,
    'c', 11, -49, 12, -48, 12, -47,
    'c', 12, -46, 11, -45, 10, -45,
    'm', 18, -45,
    'c', 17, -45, 16, -46, 16, -47,
    'c', 16, -48, 17, -49, 18, -49,
    'c', 19, -49, 20, -48, 20, -47,
    'c', 20, -46, 19, -45, 18, -45,
    'e',
   0xdd, # 'Ý'
    0, 32, 50, 0, 2, 4,
    0, 24, #  snap_x
    -42, -21, -15, 0, #  snap_y
    'm', 0, -42,
    'l', 16, -22,
    'l', 16, 0,
    'm', 32, -42,
    'l', 16, -22,
    'm', 10, -45,
    'l', 22, -50,
    'e',
   0xde, # 'Þ'
    0, 28, 42, 0, 2, 4,
    0, 24, #  snap_x
    -42, -21, -15, 0, #  snap_y
    'm', 0, 0,
    'l', 0, -42,
    'm', 0, -31,
    'l', 18, -31,
    'c', 32, -32, 32, -9, 18, -9,
    'l', 0, -9,
    'e',
   0xdf, # 'ß'
    0, 32, 42, 0, 2, 4,
    0, 24, #  snap_x
    -42, -21, -15, 0, #  snap_y
    'm', 0, 0,
    'l', 0, -36,
    'c', 0, -40, 5, -42, 12, -42,
    'c', 19, -42, 24, -40, 24, -36,
    'c', 19, -36, 16, -34, 16, -27,
    'c', 16, -16, 32, -21, 32, -9,
    'c', 32, -2, 24, 0, 19, 0,
    'c', 13, 0, 11, -1, 10, -2,
    'e',
   0xe0, # 'à'
    0, 24, 36, 0, 2, 4,
    0, 24, #  snap_x
    -42, -21, -15, 0, #  snap_y
    'm', 24, -28,
    'l', 24, 0,
    'm', 24, -22,
    'c', 21, -27, 18, -28, 13, -28,
    'c', 2, -28, 0, -19, 0, -14,
    'c', 0, -9, 2, 0, 13, 0,
    'c', 18, 0, 21, -1, 24, -6,
    'm', 18, -31,
    'l', 6, -36,
    'e',
   0xe1, # 'á'
    0, 24, 36, 0, 2, 4,
    0, 24, #  snap_x
    -42, -21, -15, 0, #  snap_y
    'm', 24, -28,
    'l', 24, 0,
    'm', 24, -22,
    'c', 21, -27, 18, -28, 13, -28,
    'c', 2, -28, 0, -19, 0, -14,
    'c', 0, -9, 2, 0, 13, 0,
    'c', 18, 0, 21, -1, 24, -6,
    'm', 6, -31,
    'l', 18, -36,
    'e',
   0xe2, # 'â'
    0, 24, 36, 0, 2, 4,
    0, 24, #  snap_x
    -42, -21, -15, 0, #  snap_y
    'm', 24, -28,
    'l', 24, 0,
    'm', 24, -22,
    'c', 21, -27, 18, -28, 13, -28,
    'c', 2, -28, 0, -19, 0, -14,
    'c', 0, -9, 2, 0, 13, 0,
    'c', 18, 0, 21, -1, 24, -6,
    'm', 6, -31,
    'l', 12, -36,
    'l', 18, -31,
    'e',
   0xe3, # 'ã'
    0, 24, 36, 0, 2, 4,
    0, 24, #  snap_x
    -42, -21, -15, 0, #  snap_y
    'm', 24, -28,
    'l', 24, 0,
    'm', 24, -22,
    'c', 21, -27, 18, -28, 13, -28,
    'c', 2, -28, 0, -19, 0, -14,
    'c', 0, -9, 2, 0, 13, 0,
    'c', 18, 0, 21, -1, 24, -6,
    'm', 4, -32,
    'c', 10, -43, 14, -23, 20, -34,
    'e',
   0xe4, # 'ä'
    0, 24, 35, 0, 2, 4,
    0, 24, #  snap_x
    -42, -21, -15, 0, #  snap_y
    'm', 24, -28,
    'l', 24, 0,
    'm', 24, -22,
    'c', 21, -27, 18, -28, 13, -28,
    'c', 2, -28, 0, -19, 0, -14,
    'c', 0, -9, 2, 0, 13, 0,
    'c', 18, 0, 21, -1, 24, -6,
    'm', 8, -31,
    'c', 7, -31, 6, -32, 6, -33,
    'c', 6, -34, 7, -35, 8, -35,
    'c', 9, -35, 10, -34, 10, -33,
    'c', 10, -32, 9, -31, 8, -31,
    'm', 16, -31,
    'c', 15, -31, 14, -32, 14, -33,
    'c', 14, -34, 15, -35, 16, -35,
    'c', 17, -35, 18, -34, 18, -33,
    'c', 18, -32, 17, -31, 16, -31,
    'e',
   0xe5, # 'å'
    0, 24, 37, 0, 2, 4,
    0, 24, #  snap_x
    -42, -21, -15, 0, #  snap_y
    'm', 12, -31,
    'c', 10, -31, 9, -32, 9, -34,
    'c', 9, -36, 10, -37, 12, -37,
    'c', 14, -37, 15, -36, 15, -34,
    'c', 15, -32, 14, -31, 12, -31,
    'm', 24, -28,
    'l', 24, 0,
    'm', 24, -22,
    'c', 21, -27, 18, -28, 13, -28,
    'c', 2, -28, 0, -19, 0, -14,
    'c', 0, -9, 2, 0, 13, 0,
    'c', 18, 0, 21, -1, 24, -6,
    'e',
   0xe6, # 'æ'
    0, 46, 28, 0, 2, 4,
    0, 24, #  snap_x
    -42, -21, -15, 0, #  snap_y
    'm', 22, -16,
    'l', 46, -16,
    'c', 46, -20, 46, -28, 35, -28,
    'c', 24, -28, 22, -19, 22, -14,
    'c', 22, -9, 24, 0, 35, 0,
    'c', 40, 0, 43, -2, 46, -6,
    'm', 24, -28,
    'l', 24, -22,
    'c', 21, -27, 18, -28, 13, -28,
    'c', 2, -28, 0, -19, 0, -14,
    'c', 0, -9, 2, 0, 13, 0,
    'c', 18, 0, 21, -1, 24, -6,
    'l', 24, 0,
    'e',
   0xe7, # 'ç'
    0, 24, 28, 6, 2, 4,
    0, 24, #  snap_x
    -42, -21, -15, 0, #  snap_y
    'm', 24, -22,
    'c', 21, -26, 18, -28, 13, -28,
    'c', 2, -28, 0, -19, 0, -14,
    'c', 0, -9, 2, 0, 13, 0,
    'c', 18, 0, 21, -2, 24, -6,
    'm', 15, 0,
    'c', 17, 2, 15, 8, 8, 5,
    'e',
   0xe8, # 'è'
    0, 24, 36, 0, 2, 4,
    0, 24, #  snap_x
    -42, -21, -15, 0, #  snap_y
    'm', 0, -16,
    'l', 24, -16,
    'c', 24, -20, 24, -28, 13, -28,
    'c', 2, -28, 0, -19, 0, -14,
    'c', 0, -9, 2, 0, 13, 0,
    'c', 18, 0, 21, -2, 24, -6,
    'm', 18, -31,
    'l', 6, -36,
    'e',
   0xe9, # 'é'
    0, 24, 36, 0, 2, 4,
    0, 24, #  snap_x
    -42, -21, -15, 0, #  snap_y
    'm', 0, -16,
    'l', 24, -16,
    'c', 24, -20, 24, -28, 13, -28,
    'c', 2, -28, 0, -19, 0, -14,
    'c', 0, -9, 2, 0, 13, 0,
    'c', 18, 0, 21, -2, 24, -6,
    'm', 6, -31,
    'l', 18, -36,
    'e',
   0xea, # 'ê'
    0, 24, 36, 0, 2, 4,
    0, 24, #  snap_x
    -42, -21, -15, 0, #  snap_y
    'm', 0, -16,
    'l', 24, -16,
    'c', 24, -20, 24, -28, 13, -28,
    'c', 2, -28, 0, -19, 0, -14,
    'c', 0, -9, 2, 0, 13, 0,
    'c', 18, 0, 21, -2, 24, -6,
    'm', 6, -31,
    'l', 12, -36,
    'l', 18, -31,
    'e',
   0xeb, # 'ë'
    0, 24, 35, 0, 2, 4,
    0, 24, #  snap_x
    -42, -21, -15, 0, #  snap_y
    'm', 0, -16,
    'l', 24, -16,
    'c', 24, -20, 24, -28, 13, -28,
    'c', 2, -28, 0, -19, 0, -14,
    'c', 0, -9, 2, 0, 13, 0,
    'c', 18, 0, 21, -2, 24, -6,
    'm', 8, -31,
    'c', 7, -31, 6, -32, 6, -33,
    'c', 6, -34, 7, -35, 8, -35,
    'c', 9, -35, 10, -34, 10, -33,
    'c', 10, -32, 9, -31, 8, -31,
    'm', 16, -31,
    'c', 15, -31, 14, -32, 14, -33,
    'c', 14, -34, 15, -35, 16, -35,
    'c', 17, -35, 18, -34, 18, -33,
    'c', 18, -32, 17, -31, 16, -31,
    'e',
   0xec, # 'ì'
    0, 0, 36, 0, 2, 4,
    0, 24, #  snap_x
    -42, -21, -15, 0, #  snap_y
    'm', 0, -28,
    'l', 0, 0,
    'm', 0, -31,
    'l', -12, -36,
    'e',
   0xed, # 'í'
    0, 0, 36, 0, 2, 4,
    0, 24, #  snap_x
    -42, -21, -15, 0, #  snap_y
    'm', 0, -28,
    'l', 0, 0,
    'm', 0, -31,
    'l', 12, -36,
    'e',
   0xee, # 'î'
    0, 0, 36, 0, 2, 4,
    0, 24, #  snap_x
    -42, -21, -15, 0, #  snap_y
    'm', 0, -28,
    'l', 0, 0,
    'm', -6, -31,
    'l', 0, -36,
    'l', 6, -31,
    'e',
   0xef, # 'ï'
    0, 0, 35, 0, 2, 4,
    0, 24, #  snap_x
    -42, -21, -15, 0, #  snap_y
    'm', 0, -28,
    'l', 0, 0,
    'm', -4, -31,
    'c', -5, -31, -6, -32, -6, -33,
    'c', -6, -34, -5, -35, -4, -35,
    'c', -3, -35, -2, -34, -2, -33,
    'c', -2, -32, -3, -31, -4, -31,
    'm', 4, -31,
    'c', 3, -31, 2, -32, 2, -33,
    'c', 2, -34, 3, -35, 4, -35,
    'c', 5, -35, 6, -34, 6, -33,
    'c', 6, -32, 5, -31, 4, -31,
    'e',
   0xf0, # 'ð'
    0, 26, 42, 0, 2, 4,
    0, 24, #  snap_x
    -42, -21, -15, 0, #  snap_y
    'm', 21, -26,
    'c', 20, -27, 20, -28, 13, -28,
    'c', 2, -28, 0, -19, 0, -14,
    'c', 0, -9, 2, 0, 13, 0,
    'c', 24, 0, 26, -9, 26, -14,
    'c', 26, -21, 21, -26, 19, -28,
    'l', 5, -42,
    'm', 4, -31,
    'l', 17, -40,
    'e',
   0xf1, # 'ñ'
    0, 22, 36, 0, 2, 2,
    0, 32, #  snap_x
    -42, 0, #  snap_y
    'm', 0, -28,
    'l', 0, 0,
    'm', 0, -20,
    'c', 4, -28, 22, -34, 22, -20,
    'l', 22, 0,
    'm', 3, -32,
    'c', 9, -43, 13, -23, 19, -34,
    'e',
   0xf2, # 'ò'
    0, 26, 36, 0, 2, 2,
    0, 32, #  snap_x
    -42, 0, #  snap_y
    'm', 13, -28,
    'c', 2, -28, 0, -19, 0, -14,
    'c', 0, -9, 2, 0, 13, 0,
    'c', 24, 0, 26, -9, 26, -14,
    'c', 26, -19, 24, -28, 13, -28,
    'm', 19, -31,
    'l', 7, -36,
    'e',
   0xf3, # 'ó'
    0, 26, 36, 0, 2, 2,
    0, 32, #  snap_x
    -42, 0, #  snap_y
    'm', 13, -28,
    'c', 2, -28, 0, -19, 0, -14,
    'c', 0, -9, 2, 0, 13, 0,
    'c', 24, 0, 26, -9, 26, -14,
    'c', 26, -19, 24, -28, 13, -28,
    'm', 7, -31,
    'l', 19, -36,
    'e',
   0xf4, # 'ô'
    0, 26, 36, 0, 2, 2,
    0, 32, #  snap_x
    -42, 0, #  snap_y
    'm', 13, -28,
    'c', 2, -28, 0, -19, 0, -14,
    'c', 0, -9, 2, 0, 13, 0,
    'c', 24, 0, 26, -9, 26, -14,
    'c', 26, -19, 24, -28, 13, -28,
    'm', 7, -31,
    'l', 13, -36,
    'l', 19, -31,
    'e',
   0xf5, # 'õ'
    0, 26, 36, 0, 2, 2,
    0, 32, #  snap_x
    -42, 0, #  snap_y
    'm', 13, -28,
    'c', 2, -28, 0, -19, 0, -14,
    'c', 0, -9, 2, 0, 13, 0,
    'c', 24, 0, 26, -9, 26, -14,
    'c', 26, -19, 24, -28, 13, -28,
    'm', 5, -32,
    'c', 11, -43, 15, -23, 21, -34,
    'e',
   0xf6, # 'ö'
    0, 26, 35, 0, 2, 2,
    0, 32, #  snap_x
    -42, 0, #  snap_y
    'm', 13, -28,
    'c', 2, -28, 0, -19, 0, -14,
    'c', 0, -9, 2, 0, 13, 0,
    'c', 24, 0, 26, -9, 26, -14,
    'c', 26, -19, 24, -28, 13, -28,
    'm', 9, -31,
    'c', 8, -31, 7, -32, 7, -33,
    'c', 7, -34, 8, -35, 9, -35,
    'c', 10, -35, 11, -34, 11, -33,
    'c', 11, -32, 10, -31, 9, -31,
    'm', 17, -31,
    'c', 16, -31, 15, -32, 15, -33,
    'c', 15, -34, 16, -35, 17, -35,
    'c', 18, -35, 19, -34, 19, -33,
    'c', 19, -32, 18, -31, 17, -31,
    'e',
   0xf7, # '÷'
    0, 36, 29, -7, 2, 2,
    0, 32, #  snap_x
    -42, 0, #  snap_y
    'm', 0, -18,
    'l', 36, -18,
    'm', 18, -11,
    'c', 17, -11, 16, -10, 16, -9,
    'c', 16, -8, 17, -7, 18, -7,
    'c', 19, -7, 20, -8, 20, -9,
    'c', 20, -10, 19, -11, 18, -11,
    'm', 18, -29,
    'c', 17, -29, 16, -28, 16, -27,
    'c', 16, -26, 17, -25, 18, -25,
    'c', 19, -25, 20, -26, 20, -27,
    'c', 20, -28, 19, -29, 18, -29,
    'e',
   0xf8, # 'ø'
    0, 26, 30, 2, 2, 2,
    0, 32, #  snap_x
    -42, 0, #  snap_y
    'm', 13, -28,
    'c', 2, -28, 0, -19, 0, -14,
    'c', 0, -9, 2, 0, 13, 0,
    'c', 24, 0, 26, -9, 26, -14,
    'c', 26, -19, 24, -28, 13, -28,
    'm', -2, 2,
    'l', 28, -30,
    'e',
   0xf9, # 'ù'
    0, 22, 36, 0, 2, 2,
    0, 32, #  snap_x
    -42, 0, #  snap_y
    'm', 0, -28,
    'l', 0, -8,
    'c', 0, 6, 18, 0, 22, -8,
    'm', 22, -28,
    'l', 22, 0,
    'm', 17, -31,
    'l', 5, -36,
    'e',
   0xfa, # 'ú'
    0, 22, 36, 0, 2, 2,
    0, 32, #  snap_x
    -42, 0, #  snap_y
    'm', 0, -28,
    'l', 0, -8,
    'c', 0, 6, 18, 0, 22, -8,
    'm', 22, -28,
    'l', 22, 0,
    'm', 5, -31,
    'l', 17, -36,
    'e',
   0xfb, # 'û'
    0, 22, 36, 0, 2, 2,
    0, 32, #  snap_x
    -42, 0, #  snap_y
    'm', 0, -28,
    'l', 0, -8,
    'c', 0, 6, 18, 0, 22, -8,
    'm', 22, -28,
    'l', 22, 0,
    'm', 5, -31,
    'l', 11, -36,
    'l', 17, -31,
    'e',
   0xfc, # 'ü'
    0, 22, 35, 0, 2, 2,
    0, 32, #  snap_x
    -42, 0, #  snap_y
    'm', 0, -28,
    'l', 0, -8,
    'c', 0, 6, 18, 0, 22, -8,
    'm', 22, -28,
    'l', 22, 0,
    'm', 7, -31,
    'c', 6, -31, 5, -32, 5, -33,
    'c', 5, -34, 6, -35, 7, -35,
    'c', 8, -35, 9, -34, 9, -33,
    'c', 9, -32, 8, -31, 7, -31,
    'm', 15, -31,
    'c', 14, -31, 13, -32, 13, -33,
    'c', 13, -34, 14, -35, 15, -35,
    'c', 16, -35, 17, -34, 17, -33,
    'c', 17, -32, 16, -31, 15, -31,
    'e',
   0xfd, # 'ý'
    0, 24, 36, 14, 2, 2,
    0, 32, #  snap_x
    -42, 0, #  snap_y
    'm', 0, -28,
    'l', 12, 0,
    'm', 24, -28,
    'l', 12, 0,
    'c', 6, 13, 0, 14, -2, 14,
    'm', 6, -31,
    'l', 18, -36,
    'e',
   0xfe, # 'þ'
    0, 24, 42, 14, 2, 2,
    0, 32, #  snap_x
    -42, 0, #  snap_y
    'm', 0, -42,
    'l', 0, 14,
    'm', 0, -22,
    'c', 3, -26, 6, -28, 11, -28,
    'c', 22, -28, 24, -19, 24, -14,
    'c', 24, -9, 22, 0, 11, 0,
    'c', 6, 0, 3, -2, 0, -6,
    'e',
   0xff, # 'ÿ'
    0, 24, 35, 14, 2, 4,
    0, 24, #  snap_x
    -42, -21, -15, 0, #  snap_y
    'm', 0, -28,
    'l', 12, 0,
    'm', 24, -28,
    'l', 12, 0,
    'c', 6, 13, 0, 14, -2, 14,
    'm', 8, -31,
    'c', 7, -31, 6, -32, 6, -33,
    'c', 6, -34, 7, -35, 8, -35,
    'c', 9, -35, 10, -34, 10, -33,
    'c', 10, -32, 9, -31, 8, -31,
    'm', 16, -31,
    'c', 15, -31, 14, -32, 14, -33,
    'c', 14, -34, 15, -35, 16, -35,
    'c', 17, -35, 18, -34, 18, -33,
    'c', 18, -32, 17, -31, 16, -31,
    'e',
